  -2.3063596e+00
  -1.6762010e+00
  -1.2376806e-01
   7.4658109e+00
   6.5388741e+00
  -2.3907569e+00
   5.2608299e+00
   6.4179146e-01
   1.8290725e-01
   2.4294858e+00
  -1.0091512e-01
  -1.0573057e+00
   2.1703782e+00
   3.1270860e+00
   3.8343848e+00
   1.6520113e+00
  -3.2239908e+00
   6.2546031e-01
   3.5694876e+00
   1.9777875e+00
   2.3784030e+00
   6.4475327e-01
  -1.4158988e+00
   8.9675993e-01
  -5.7456561e-01
   2.0858083e+00
  -3.1031572e+00
  -2.9467579e+00
  -1.3099804e+00
  -4.8885683e+00
   3.1857776e+00
  -1.5863592e-01
  -2.3188736e+00
   3.0496141e+00
  -2.4230328e+00
   1.0453210e-01
  -1.2919111e+00
  -1.7060352e-01
   9.3473419e-01
  -7.2975983e-01
   2.4891440e-01
  -1.1387750e+00
   4.4639758e-01
   2.4955483e+00
   3.2185466e+00
  -1.4182886e+00
  -6.5429881e-01
  -3.2372511e+00
  -1.9179845e+00
   9.8630134e-01
   3.3742776e+00
  -2.3483488e+00
  -6.6259369e-02
  -1.4215181e-01
   3.2347123e+00
  -1.8691116e+00
  -7.4390207e-01
   2.9603705e-01
   2.5102374e+00
   4.0884238e+00
   4.8087926e-01
  -3.7921976e+00
  -2.2936207e+00
  -1.8141465e+00
   5.7009144e+00
  -9.2218677e-01
   6.8713657e-01
  -1.1938540e+00
   2.0862378e+00
  -5.2969847e-01
  -2.4955209e+00
  -3.6537688e+00
   1.6737083e-01
  -4.5733319e-02
   6.0789302e-01
   3.1476373e+00
  -2.2584825e-01
  -4.1339489e-01
   3.4844152e+00
  -6.0893191e-01
   1.7022658e+00
   8.6115934e-01
  -1.2964473e+00
   7.4035717e-01
  -1.3316879e+00
  -1.9868886e+00
  -5.9926756e-01
   6.3549107e-01
   5.4799995e+00
  -3.3378134e-01
   6.8367904e-01
  -9.7400585e-01
  -4.6750628e+00
  -5.6891531e-01
  -2.5893577e+00
   1.9897681e+00
  -2.5850812e+00
  -6.0883133e-01
  -7.8004087e-01
   1.6070416e+00
  -8.9163613e-01
   1.7091365e-01
   6.6970925e-01
   3.7327926e+00
   6.1175293e-01
  -3.9676935e+00
  -2.4881945e+00
   1.9001717e+00
  -1.8352936e+00
   2.9219077e+00
   5.5711659e-01
   2.0643763e+00
  -4.7308170e+00
  -8.6379458e-02
  -1.4156910e+00
   6.1250331e+00
   8.4142079e-01
   1.9489270e+00
  -1.8073435e+00
   6.2768838e-02
  -2.3592182e-01
   1.3878322e+00
  -1.3647609e+00
   1.7120999e+00
  -3.1036326e+00
  -3.9868300e-01
  -2.4561900e+00
  -3.9631310e+00
   1.3249663e+00
   1.5639681e+00
   3.7597676e-01
  -3.4763729e+00
   1.4459676e+00
   1.0093758e+00
   4.0186794e-01
   3.5479658e-01
  -1.3330079e+00
  -4.3094417e+00
  -2.6228495e-01
  -6.6273302e-01
  -1.6493956e+00
  -3.1218203e+00
  -1.8761312e+00
  -3.6962545e+00
   2.9284588e+00
   1.3491372e+00
  -8.4907270e-01
  -8.7855917e-01
  -1.2873102e+00
   3.0373706e+00
   4.2582035e-02
  -2.2380773e+00
   1.8937545e+00
  -1.4052512e-01
  -1.7805806e-01
  -2.7849020e-01
  -2.5048695e+00
  -3.0492736e+00
   5.3610164e+00
   4.3109952e+00
   9.2408731e-01
  -3.3232537e+00
  -2.5399531e+00
  -4.4051234e-02
   2.5828321e+00
  -2.3549918e+00
  -5.4687513e+00
  -3.7072116e+00
   9.7603866e-01
   1.7827072e+00
   1.2123758e+00
  -1.0695863e+00
  -4.4163880e-01
  -6.4328904e-01
   2.7240432e+00
  -2.4143719e+00
   1.0104212e-01
  -2.5064358e+00
  -3.6075688e-01
   2.1055667e+00
   2.3871983e+00
  -3.0442944e+00
   1.7123004e+00
   1.6293033e+00
   8.6426889e-01
  -8.1425401e-02
  -1.2442297e+00
  -1.4152322e+00
   3.5510824e-01
   1.1025807e+00
   1.9611426e+00
   2.2449364e+00
   1.2481188e-01
  -1.1040968e-01
   2.2503807e+00
   6.7547152e-01
  -2.8685521e+00
   1.0894267e+00
   9.2314083e-01
   1.2703499e+00
   1.3395097e+00
  -2.8620435e-01
  -2.6919885e+00
  -1.5658351e-02
   7.0789073e-01
  -7.5500576e-01
   2.5551902e+00
  -2.5604757e+00
  -6.5861311e-01
  -4.2400910e-01
  -2.0394077e+00
  -1.1934960e+00
  -1.3571575e+00
   3.3691620e+00
   5.0195051e-01
  -1.8194098e+00
   2.3978976e+00
   1.6603413e+00
  -1.5023591e-01
  -2.0123194e+00
  -5.8023864e-01
  -1.1208991e+00
  -2.5688049e-01
  -2.1331030e-01
   1.8868438e+00
   1.0928054e+00
  -3.3103748e+00
  -2.7049388e+00
  -1.1731952e+00
  -1.5635101e-02
  -3.3213402e-01
  -7.8407891e-01
  -6.8673717e+00
  -6.0501229e-01
   3.4848968e+00
  -1.8243858e+00
   1.0584393e+00
  -1.0837499e-01
   2.5100547e-01
   1.3649043e+00
  -2.8210950e+00
  -9.7809595e-01
   2.3988757e+00
   5.0571254e-01
   1.0827472e+00
  -1.1593212e+00
  -8.7064445e-01
  -3.4432297e-01
   1.1617921e+00
   2.5438252e-01
  -1.6389217e-01
   3.2383648e+00
  -5.3257249e+00
   4.7679084e+00
   1.6751274e+00
   2.3091386e+00
  -4.1373459e+00
  -1.9890861e+00
  -2.4711133e-01
   1.8454314e+00
  -3.0313844e+00
   1.3425166e-01
  -3.2347114e+00
   4.4139709e-01
   2.3047118e+00
   9.6313693e-01
   1.3562500e+00
   1.2031372e+00
  -9.9279848e-01
   1.5141123e+00
  -1.5797386e+00
  -3.4525940e+00
   1.0406349e+00
   3.0911669e-01
   8.9016217e-01
   2.1312715e+00
   3.8015040e-01
  -1.0861465e-01
   2.8095195e+00
   2.8595789e+00
   7.8854351e-01
  -2.1897392e+00
  -2.1121243e+00
   2.6932207e+00
  -2.2236608e+00
   2.6009312e-01
  -4.7067113e+00
   1.2319790e+00
   2.0324496e+00
   1.0023242e+00
   1.6734257e-01
  -5.7815848e+00
   3.5332765e-01
  -4.0758528e+00
  -3.6385606e+00
   4.6888441e-01
  -2.7059790e+00
   1.3964248e-02
   1.6629726e+00
   2.7154651e+00
  -1.0733013e+00
   8.9738252e-02
  -6.0775029e-01
   1.9611570e+00
   2.0723142e+00
   2.1047938e+00
  -1.0728927e+00
  -1.1034199e+00
   2.3245638e+00
  -3.2473109e+00
  -7.0015582e-01
  -3.3502059e+00
  -1.5741866e+00
   1.6063755e+00
   2.6514543e+00
  -1.7208703e+00
  -1.7511568e+00
  -5.3496725e-01
  -2.7470976e-01
   1.6036371e+00
   1.1088789e+00
  -2.6689401e+00
  -1.1626775e+00
  -3.9551722e+00
   3.2907234e+00
  -9.4916453e-01
  -3.2167169e+00
  -1.3169064e+00
  -2.5482767e+00
   9.5828476e-01
  -8.1231300e-01
   3.5465404e+00
   1.4679138e+00
  -4.6847560e+00
   1.8826539e+00
  -2.4872588e+00
  -1.3191274e+00
  -4.8020885e-01
   1.8044851e+00
   4.5390610e-01
   3.4616173e+00
  -1.7708913e+00
  -1.5399275e-01
   1.6384852e+00
   1.1703772e+00
   2.0709226e+00
  -1.6259072e-01
  -2.3773094e+00
  -3.3017297e+00
   4.7171859e+00
  -9.0004318e-01
  -6.0229755e-01
   3.1731692e-01
   5.3621099e-01
  -8.0945243e-01
  -6.2641217e-01
  -1.0587969e+00
   2.1489000e+00
  -1.4126144e+00
   2.5693369e+00
   9.2626327e-01
  -1.2767371e+00
  -2.9229625e+00
  -2.5926491e-01
   8.2661944e-01
  -2.6297732e+00
  -4.2465250e-01
  -2.4536035e+00
   1.2053582e-01
   1.6724267e+00
  -1.5002911e+00
  -1.3855297e+00
  -1.0889148e-01
  -3.3627013e+00
   3.0719518e+00
   5.1579393e+00
   1.1097840e+00
  -1.4405610e+00
   1.1662624e+00
  -1.0719696e+00
   4.0647479e+00
   1.0723918e+00
   7.6567457e-01
  -1.4427315e+00
   1.6398983e+00
  -8.0757158e-01
  -1.4318758e+00
  -1.9490368e+00
  -1.7424502e+00
  -8.1749117e-01
  -1.1077767e-01
  -4.2067452e+00
   4.0618416e-01
   7.3420416e-02
   2.3983207e+00
   8.4831428e-01
   1.7955712e-01
  -3.7752590e+00
  -1.7315118e+00
   1.0600998e-01
   5.2833418e-01
   1.4484559e+00
  -1.3889431e+00
   2.8321184e+00
   1.9508496e+00
   2.6572505e+00
  -5.5512286e-01
  -2.1226489e+00
  -2.6537811e+00
   1.3109780e+00
   1.9461197e+00
  -1.3941933e+00
  -1.8905898e+00
  -3.0826664e-01
  -1.1931866e+00
  -6.7700264e-01
  -1.1704957e+00
  -7.1733478e-01
   1.8145075e-01
   2.2226704e+00
   5.2765238e-01
   2.8190139e+00
  -1.8496934e-01
   3.9180045e+00
  -4.4624296e-01
   1.3621111e+00
  -1.3295187e+00
   3.9126802e-01
   1.4968786e+00
  -3.3720432e+00
  -2.3450693e+00
  -3.6910442e+00
  -5.3280003e-03
   3.2494196e+00
   3.4637154e-01
   1.9336630e+00
   2.8206321e-01
  -2.9122816e+00
   1.1039510e+00
  -5.0378948e-01
   3.3415508e+00
  -8.7415001e-01
   2.4629823e+00
  -5.4109999e-01
   2.1788667e+00
   1.8343454e-01
  -4.8529349e+00
  -2.7732800e+00
   1.5340396e+00
   8.9022774e-01
  -1.9284470e+00
  -2.0617741e+00
  -3.0998151e-01
  -1.6770210e+00
   2.9499004e+00
  -9.7240202e-01
   2.8087082e+00
  -2.9687495e+00
   7.0739588e-01
  -2.0420531e+00
  -1.1382453e+00
  -1.9955176e+00
  -6.3443147e-03
   2.1932836e+00
   1.6009719e+00
  -4.3712432e-01
   8.2196002e-01
   7.8875699e-01
   5.4942756e-01
   2.1424953e+00
   1.1346090e+00
  -2.7829408e+00
   7.1011966e-01
  -1.0053856e+00
  -2.0783696e-01
   6.6291064e-01
  -1.4240239e+00
  -1.0726577e+00
   1.4997323e+00
   3.0936656e+00
  -8.6900271e-02
  -1.5366067e-01
  -1.2856200e+00
   7.6821078e-01
   1.8799958e+00
  -9.2471486e-01
  -2.5934342e-01
   3.9318707e-01
   4.9363290e-01
   4.4596828e+00
  -9.0809790e-01
  -2.2831365e+00
  -4.3087756e+00
   2.1299822e+00
   2.7341651e+00
   1.4923132e-01
   9.8793498e-01
  -4.4161015e-01
   8.9059726e-01
   1.2258894e+00
   1.1889214e+00
  -6.0569211e-01
   4.7656535e+00
  -2.0243131e+00
  -2.7085982e+00
  -1.9723453e+00
  -2.9957039e+00
  -1.6762356e+00
  -2.7922762e-02
   5.6293288e-01
   1.3916859e+00
  -3.0484587e-02
   6.9344098e-01
   3.8655288e+00
   3.4461251e+00
  -2.2574952e+00
  -5.4669260e+00
   9.9484594e-01
  -3.3622604e+00
   1.1335138e+00
   3.7997597e-01
   3.6453192e+00
  -9.4744550e-01
  -7.0562913e-01
   1.4716193e+00
   8.0062670e-01
  -6.6892658e-01
  -2.0261780e+00
  -2.1361698e+00
   1.6330007e+00
  -2.3767215e+00
  -2.8733857e+00
   1.8534148e+00
  -5.2878940e-01
   7.1935656e-01
   2.1086617e+00
  -1.4092390e+00
   1.2497144e+00
  -3.8111495e-01
   3.0256037e+00
   1.5676862e+00
  -1.2350472e+00
  -2.5404116e+00
  -1.7771996e+00
   4.5986237e-01
  -5.6726572e-01
  -1.6263656e+00
   1.1580735e+00
  -2.8637729e-01
   3.2873578e+00
  -7.5422324e-01
   1.1361145e+00
  -1.8535180e+00
   6.6217258e-01
   2.9414756e+00
  -5.1892756e-01
  -1.6855580e+00
   3.1977642e+00
   2.2110040e+00
   1.3599231e-01
   1.6068985e+00
  -1.5291696e+00
   6.0275304e-01
   3.1407151e+00
  -2.2090313e+00
   2.3667231e+00
   2.1069186e+00
  -7.1407435e-01
   3.8015304e+00
   1.3107750e+00
  -2.1652224e+00
  -5.1960056e+00
  -1.4758311e+00
   1.7361036e+00
   1.6348155e+00
   1.1362378e+00
  -1.9631882e+00
  -5.2101339e-01
  -2.9683145e+00
  -5.2018000e-01
  -1.3285692e+00
   2.3044078e-01
  -8.3733711e-01
  -2.0020417e+00
   9.8095017e-01
  -1.0706041e+00
  -2.1424153e+00
   9.1928185e-01
   5.3585587e-01
   1.7967257e+00
   2.0769568e+00
  -4.4850161e-01
   2.9269205e-01
   1.6749455e+00
   3.3412173e+00
   1.2607382e+00
   2.0154484e+00
  -7.6380003e-01
   2.1327817e-01
   4.4026693e+00
  -7.1040643e-01
  -8.1472691e-01
   1.0307172e+00
   6.0863446e-01
   3.8098669e+00
   2.3772601e+00
  -2.2587642e-01
  -2.3644141e+00
   1.4424092e+00
  -1.7652423e+00
   7.9796635e-01
   8.0786061e-01
  -3.8293360e-01
   2.0683713e+00
   5.0777525e+00
   2.1568819e+00
  -2.7518210e-01
   4.7430602e-01
   1.1599877e+00
  -1.6294470e+00
  -5.2380545e-01
   1.6403587e+00
  -8.9618541e-01
   1.4738635e+00
  -1.0130001e+00
   4.3805048e-01
   3.9156690e-01
  -3.5320469e+00
   1.0042023e+00
   6.3631356e-01
  -1.5700525e+00
  -8.8408337e-01
  -4.6016260e+00
  -3.9469365e+00
  -1.3538467e+00
  -1.6720474e+00
  -3.1550816e+00
  -4.2598726e+00
   8.8547317e-01
  -2.1883674e+00
   5.2945469e-01
   7.6511636e-01
  -8.1347057e-01
   4.9523451e-01
   2.4368589e-01
  -2.6563352e+00
  -8.9665417e-01
   1.1126334e+00
   3.7855069e+00
   1.3958752e-01
  -2.9456285e+00
  -4.7632201e-01
  -5.6485173e-02
  -1.4488394e-01
  -1.2978246e+00
   4.3576822e+00
  -5.5280640e+00
  -1.8289611e+00
  -2.3342342e+00
  -2.7225650e-01
   9.4471983e-01
  -5.3292105e-01
  -2.2304871e+00
   1.8630240e+00
   2.2447878e+00
   1.6037788e+00
  -1.6602804e+00
   1.2881445e+00
   1.6304312e+00
   6.0175449e+00
   2.4359363e+00
   1.5048263e+00
  -7.0305934e-01
  -2.2677550e+00
   2.5755751e-01
  -1.2065668e+00
  -1.9369548e+00
   3.0126013e-01
  -8.0453913e-01
  -7.9022627e-01
  -5.0963845e-01
  -1.1307905e+00
   9.6518665e-03
  -1.5962550e+00
   1.6346349e+00
   4.6505716e-01
   1.8397539e+00
  -1.2353580e+00
   4.0059705e-02
  -1.3427116e+00
  -2.4615084e+00
  -1.8800036e-01
  -1.3079951e+00
   1.3165051e+00
  -7.8532281e-01
   4.1260417e+00
  -5.6455559e-01
   1.2850495e+00
  -1.4482340e-01
   6.7499612e-01
   1.6891208e+00
   3.0249655e-01
  -3.0495270e+00
  -2.7563690e+00
  -1.1957355e+00
  -2.5225296e+00
  -6.8987582e-01
  -1.6315188e+00
  -4.2700447e-01
  -1.7219263e+00
   1.8681519e+00
   6.9805229e-02
  -9.8826196e-01
   2.3513772e+00
  -7.4795893e-01
   1.1384176e+00
  -1.1213459e-01
  -1.1050816e-01
  -1.1494775e+00
   1.6536805e+00
  -7.2074627e-01
  -2.6019093e+00
  -3.2155534e+00
   2.3846483e+00
  -6.9188842e-01
  -3.6810694e-02
  -3.2263211e+00
  -1.4032706e+00
  -6.1550586e+00
  -1.1739185e+00
  -2.5438553e+00
  -2.8379185e+00
  -1.2355514e+00
  -3.4167857e-01
   4.8887956e+00
  -8.3452944e-01
  -1.3090816e+00
  -3.9476479e+00
  -6.4574833e-01
  -1.6759533e+00
   3.6961504e-01
   8.9715654e-01
  -5.1006416e-04
  -1.0922234e+00
  -2.2610858e+00
   3.2290434e+00
   3.2910685e+00
  -5.6801579e-01
  -1.6707862e+00
   3.3955429e+00
  -8.7629544e-01
  -1.7486357e+00
   9.6373776e-01
  -2.4614226e+00
  -2.9135079e+00
   1.1503844e+00
  -7.5409981e-03
  -6.1873268e-01
   1.3023858e+00
   3.1644812e+00
   2.2499126e+00
  -1.9461561e+00
   8.1092715e-01
   6.5551174e-01
  -1.1085137e-02
  -2.0775946e+00
   4.8492488e-01
  -1.5162622e+00
   4.0188605e-01
  -5.8589500e-01
  -2.7920120e+00
  -4.6584428e-01
  -9.3329524e-01
   2.7070727e+00
   2.6034081e+00
   2.4156262e+00
  -2.3067705e+00
  -2.6816700e+00
  -2.2291566e+00
   1.9959612e+00
   5.8871792e+00
   6.4612708e-01
  -2.3551452e+00
   1.9822845e+00
  -1.2566606e+00
  -2.5399232e+00
   6.2586764e-01
  -2.3648280e+00
   9.4098876e-01
   3.8130703e+00
   1.1112663e+00
   1.0503036e+00
  -4.0206214e+00
   1.6320895e+00
   5.2770045e+00
   1.3912958e+00
  -3.8907714e+00
  -1.2153026e+00
  -6.9091345e-01
   1.7660478e+00
   1.1330878e+00
   1.9681067e-03
  -1.5365785e+00
  -8.8952709e-01
  -1.7917798e-01
   2.0160987e+00
  -4.5150331e+00
  -1.2236233e+00
   8.4977340e-01
  -3.0554202e-01
   1.2634716e+00
  -9.5165629e-01
  -2.6856196e+00
   6.3174406e-01
   4.6363424e-01
  -5.1072830e-01
  -2.2316624e+00
  -6.8612603e-01
  -3.3832415e+00
   2.0333376e-01
  -7.7807925e-01
  -2.6328140e+00
   4.9638019e-01
  -1.1595255e+00
   2.0812662e+00
   2.2606988e+00
  -1.1227578e+00
  -2.5341835e-01
   1.5880516e+00
   8.3804397e-01
   1.3907573e+00
  -3.3341467e+00
   1.4118307e+00
  -1.6701084e+00
  -2.6576719e+00
   3.0780140e+00
  -9.3447058e-01
   8.8825246e-02
  -4.1749995e-01
  -1.0411668e+00
  -5.8369601e+00
   4.4354100e-01
  -1.3823861e+00
  -8.5668819e-02
   1.8112107e+00
  -2.5296799e+00
  -2.2679075e+00
   1.4856387e+00
   1.5047463e+00
  -1.5625625e+00
  -4.0975115e+00
  -1.9515096e+00
  -3.8102404e-01
   2.1937709e+00
   1.1874510e+00
  -1.9356064e+00
  -1.9670136e-01
  -3.1536867e+00
  -1.6129161e+00
  -3.0747003e-01
  -2.1497703e+00
  -1.3509473e+00
  -2.6089171e+00
  -2.6235528e-01
   7.5156911e-02
  -5.1055344e-01
  -1.8160950e+00
   1.6575772e+00
   1.5296274e+00
   1.1181443e+00
  -2.6248765e+00
  -4.0606235e+00
  -4.7385218e+00
   5.5194085e+00
   2.9447496e+00
   8.2297893e-01
  -2.7574979e+00
  -3.1017458e+00
   1.4042960e+00
   4.1301680e+00
  -3.0776703e+00
  -1.7078117e+00
  -9.7760114e-01
  -3.6749774e+00
   2.6824913e+00
  -5.2030084e-01
   3.0153447e+00
  -1.5908145e+00
   1.1273812e+00
  -1.2848563e+00
  -9.4071056e-01
  -3.1464627e+00
  -2.3866432e-02
   2.9126960e+00
  -1.8728352e-01
   1.1817678e+00
  -1.8177420e+00
  -6.0480157e-01
   2.7015181e+00
   1.2405656e+00
  -1.7646698e+00
  -2.5232235e+00
  -1.1487656e+00
  -7.4319566e-02
  -7.3163042e-01
   6.7034526e-01
   1.7240400e+00
  -1.3113556e+00
  -1.0012311e-01
  -3.4030438e+00
  -1.2400092e+00
  -3.5955622e+00
  -1.5814863e+00
   1.3601897e+00
   4.0465386e+00
   3.9060059e+00
  -1.0427855e+00
  -1.4494094e+00
   1.9440496e+00
   1.9803184e+00
   1.8395193e+00
   7.4754110e-01
  -3.7696273e+00
   1.3897449e+00
   8.1692196e-01
  -1.2114878e+00
  -2.1962079e+00
   1.7538985e+00
  -1.3104582e+00
  -1.4736367e+00
   7.3838989e-01
   3.2125265e+00
  -7.5790813e-01
   9.2561587e-01
  -8.7649442e-01
   3.6574489e+00
  -5.5904065e-01
   2.5118552e-01
  -1.5951195e+00
   2.7080856e+00
   1.0873085e+00
  -3.1210192e+00
  -7.2953674e-01
  -5.9218021e-01
   1.2184959e+00
  -1.9208869e-01
  -1.1888203e+00
  -2.8748440e+00
  -3.3756685e-01
   2.5330537e+00
   3.7983634e+00
  -3.1300568e+00
   3.9458067e+00
   3.3611729e+00
   1.3370150e+00
  -2.9339606e-01
  -2.2063255e+00
   8.5652416e-01
  -1.0801935e+00
   7.6234014e-02
   2.0762513e+00
   6.2871370e-02
   9.8447773e-01
   1.3184811e+00
   1.9820573e-01
  -7.1867903e-01
   7.8371820e-01
  -2.1513973e+00
   2.6823351e+00
   2.5814039e+00
   8.8445998e-01
  -8.0256477e-01
  -7.7782619e-02
   7.3623726e+00
   7.7512667e-01
  -2.8041709e+00
   3.0211876e+00
   4.1067511e-01
  -9.8680625e-01
   6.2346698e+00
   1.4109178e+00
  -2.2060963e-01
  -2.3647046e+00
  -1.8208432e+00
  -2.5368281e+00
  -5.3682208e-01
  -2.9152219e+00
   4.8649350e-01
  -3.2623938e-01
   4.5379831e+00
   3.3301818e+00
  -4.8099636e-01
  -1.3745444e+00
   2.6133486e+00
  -1.2930153e+00
   1.6564144e+00
  -2.1472430e+00
  -1.6096624e+00
  -1.0345879e+00
   2.1512580e+00